images/untitled.jpg
images/untitled.jpg
2650
1152 102 0 0 0
1152 103 0 0 0
1152 104 0 0 0
1152 105 0 0 0
1152 106 0 0 0
1153 102 0 0 0
1153 103 0 0 0
1153 104 0 0 0
1153 105 0 0 0
1153 106 0 0 0
1154 102 0 0 0
1154 103 0 0 0
1154 104 0 0 0
1154 105 0 0 0
1154 106 0 0 0
1155 102 0 0 0
1155 103 0 0 0
1155 104 0 0 0
1155 105 0 0 0
1155 106 0 0 0
1156 102 0 0 0
1156 103 0 0 0
1156 104 0 0 0
1156 105 0 0 0
1156 106 0 0 0
1151 103 0 0 0
1151 104 0 0 0
1151 105 0 0 0
1151 106 0 0 0
1151 107 0 0 0
1152 103 0 0 0
1152 104 0 0 0
1152 105 0 0 0
1152 106 0 0 0
1152 107 0 0 0
1153 103 0 0 0
1153 104 0 0 0
1153 105 0 0 0
1153 106 0 0 0
1153 107 0 0 0
1154 103 0 0 0
1154 104 0 0 0
1154 105 0 0 0
1154 106 0 0 0
1154 107 0 0 0
1155 103 0 0 0
1155 104 0 0 0
1155 105 0 0 0
1155 106 0 0 0
1155 107 0 0 0
1151 104 0 0 0
1151 105 0 0 0
1151 106 0 0 0
1151 107 0 0 0
1151 108 0 0 0
1152 104 0 0 0
1152 105 0 0 0
1152 106 0 0 0
1152 107 0 0 0
1152 108 0 0 0
1153 104 0 0 0
1153 105 0 0 0
1153 106 0 0 0
1153 107 0 0 0
1153 108 0 0 0
1154 104 0 0 0
1154 105 0 0 0
1154 106 0 0 0
1154 107 0 0 0
1154 108 0 0 0
1155 104 0 0 0
1155 105 0 0 0
1155 106 0 0 0
1155 107 0 0 0
1155 108 0 0 0
1150 104 0 0 0
1150 105 0 0 0
1150 106 0 0 0
1150 107 0 0 0
1150 108 0 0 0
1151 104 0 0 0
1151 105 0 0 0
1151 106 0 0 0
1151 107 0 0 0
1151 108 0 0 0
1152 104 0 0 0
1152 105 0 0 0
1152 106 0 0 0
1152 107 0 0 0
1152 108 0 0 0
1153 104 0 0 0
1153 105 0 0 0
1153 106 0 0 0
1153 107 0 0 0
1153 108 0 0 0
1154 104 0 0 0
1154 105 0 0 0
1154 106 0 0 0
1154 107 0 0 0
1154 108 0 0 0
1150 105 0 0 0
1150 106 0 0 0
1150 107 0 0 0
1150 108 0 0 0
1150 109 0 0 0
1151 105 0 0 0
1151 106 0 0 0
1151 107 0 0 0
1151 108 0 0 0
1151 109 0 0 0
1152 105 0 0 0
1152 106 0 0 0
1152 107 0 0 0
1152 108 0 0 0
1152 109 0 0 0
1153 105 0 0 0
1153 106 0 0 0
1153 107 0 0 0
1153 108 0 0 0
1153 109 0 0 0
1154 105 0 0 0
1154 106 0 0 0
1154 107 0 0 0
1154 108 0 0 0
1154 109 0 0 0
1149 106 0 0 0
1149 107 0 0 0
1149 108 0 0 0
1149 109 0 0 0
1149 110 0 0 0
1150 106 0 0 0
1150 107 0 0 0
1150 108 0 0 0
1150 109 0 0 0
1150 110 0 0 0
1151 106 0 0 0
1151 107 0 0 0
1151 108 0 0 0
1151 109 0 0 0
1151 110 0 0 0
1152 106 0 0 0
1152 107 0 0 0
1152 108 0 0 0
1152 109 0 0 0
1152 110 0 0 0
1153 106 0 0 0
1153 107 0 0 0
1153 108 0 0 0
1153 109 0 0 0
1153 110 0 0 0
1149 107 0 0 0
1149 108 0 0 0
1149 109 0 0 0
1149 110 0 0 0
1149 111 0 0 0
1150 107 0 0 0
1150 108 0 0 0
1150 109 0 0 0
1150 110 0 0 0
1150 111 0 0 0
1151 107 0 0 0
1151 108 0 0 0
1151 109 0 0 0
1151 110 0 0 0
1151 111 0 0 0
1152 107 0 0 0
1152 108 0 0 0
1152 109 0 0 0
1152 110 0 0 0
1152 111 0 0 0
1153 107 0 0 0
1153 108 0 0 0
1153 109 0 0 0
1153 110 0 0 0
1153 111 0 0 0
1148 108 0 0 0
1148 109 0 0 0
1148 110 0 0 0
1148 111 0 0 0
1148 112 0 0 0
1149 108 0 0 0
1149 109 0 0 0
1149 110 0 0 0
1149 111 0 0 0
1149 112 0 0 0
1150 108 0 0 0
1150 109 0 0 0
1150 110 0 0 0
1150 111 0 0 0
1150 112 0 0 0
1151 108 0 0 0
1151 109 0 0 0
1151 110 0 0 0
1151 111 0 0 0
1151 112 0 0 0
1152 108 0 0 0
1152 109 0 0 0
1152 110 0 0 0
1152 111 0 0 0
1152 112 0 0 0
1147 109 0 0 0
1147 110 0 0 0
1147 111 0 0 0
1147 112 0 0 0
1147 113 0 0 0
1148 109 0 0 0
1148 110 0 0 0
1148 111 0 0 0
1148 112 0 0 0
1148 113 0 0 0
1149 109 0 0 0
1149 110 0 0 0
1149 111 0 0 0
1149 112 0 0 0
1149 113 0 0 0
1150 109 0 0 0
1150 110 0 0 0
1150 111 0 0 0
1150 112 0 0 0
1150 113 0 0 0
1151 109 0 0 0
1151 110 0 0 0
1151 111 0 0 0
1151 112 0 0 0
1151 113 0 0 0
1147 110 0 0 0
1147 111 0 0 0
1147 112 0 0 0
1147 113 0 0 0
1147 114 0 0 0
1148 110 0 0 0
1148 111 0 0 0
1148 112 0 0 0
1148 113 0 0 0
1148 114 0 0 0
1149 110 0 0 0
1149 111 0 0 0
1149 112 0 0 0
1149 113 0 0 0
1149 114 0 0 0
1150 110 0 0 0
1150 111 0 0 0
1150 112 0 0 0
1150 113 0 0 0
1150 114 0 0 0
1151 110 0 0 0
1151 111 0 0 0
1151 112 0 0 0
1151 113 0 0 0
1151 114 0 0 0
1146 111 0 0 0
1146 112 0 0 0
1146 113 0 0 0
1146 114 0 0 0
1146 115 0 0 0
1147 111 0 0 0
1147 112 0 0 0
1147 113 0 0 0
1147 114 0 0 0
1147 115 0 0 0
1148 111 0 0 0
1148 112 0 0 0
1148 113 0 0 0
1148 114 0 0 0
1148 115 0 0 0
1149 111 0 0 0
1149 112 0 0 0
1149 113 0 0 0
1149 114 0 0 0
1149 115 0 0 0
1150 111 0 0 0
1150 112 0 0 0
1150 113 0 0 0
1150 114 0 0 0
1150 115 0 0 0
1145 112 0 0 0
1145 113 0 0 0
1145 114 0 0 0
1145 115 0 0 0
1145 116 0 0 0
1146 112 0 0 0
1146 113 0 0 0
1146 114 0 0 0
1146 115 0 0 0
1146 116 0 0 0
1147 112 0 0 0
1147 113 0 0 0
1147 114 0 0 0
1147 115 0 0 0
1147 116 0 0 0
1148 112 0 0 0
1148 113 0 0 0
1148 114 0 0 0
1148 115 0 0 0
1148 116 0 0 0
1149 112 0 0 0
1149 113 0 0 0
1149 114 0 0 0
1149 115 0 0 0
1149 116 0 0 0
1145 113 0 0 0
1145 114 0 0 0
1145 115 0 0 0
1145 116 0 0 0
1145 117 0 0 0
1146 113 0 0 0
1146 114 0 0 0
1146 115 0 0 0
1146 116 0 0 0
1146 117 0 0 0
1147 113 0 0 0
1147 114 0 0 0
1147 115 0 0 0
1147 116 0 0 0
1147 117 0 0 0
1148 113 0 0 0
1148 114 0 0 0
1148 115 0 0 0
1148 116 0 0 0
1148 117 0 0 0
1149 113 0 0 0
1149 114 0 0 0
1149 115 0 0 0
1149 116 0 0 0
1149 117 0 0 0
1144 114 0 0 0
1144 115 0 0 0
1144 116 0 0 0
1144 117 0 0 0
1144 118 0 0 0
1145 114 0 0 0
1145 115 0 0 0
1145 116 0 0 0
1145 117 0 0 0
1145 118 0 0 0
1146 114 0 0 0
1146 115 0 0 0
1146 116 0 0 0
1146 117 0 0 0
1146 118 0 0 0
1147 114 0 0 0
1147 115 0 0 0
1147 116 0 0 0
1147 117 0 0 0
1147 118 0 0 0
1148 114 0 0 0
1148 115 0 0 0
1148 116 0 0 0
1148 117 0 0 0
1148 118 0 0 0
1142 117 0 0 0
1142 118 0 0 0
1142 119 0 0 0
1142 120 0 0 0
1142 121 0 0 0
1143 117 0 0 0
1143 118 0 0 0
1143 119 0 0 0
1143 120 0 0 0
1143 121 0 0 0
1144 117 0 0 0
1144 118 0 0 0
1144 119 0 0 0
1144 120 0 0 0
1144 121 0 0 0
1145 117 0 0 0
1145 118 0 0 0
1145 119 0 0 0
1145 120 0 0 0
1145 121 0 0 0
1146 117 0 0 0
1146 118 0 0 0
1146 119 0 0 0
1146 120 0 0 0
1146 121 0 0 0
1142 118 0 0 0
1142 119 0 0 0
1142 120 0 0 0
1142 121 0 0 0
1142 122 0 0 0
1143 118 0 0 0
1143 119 0 0 0
1143 120 0 0 0
1143 121 0 0 0
1143 122 0 0 0
1144 118 0 0 0
1144 119 0 0 0
1144 120 0 0 0
1144 121 0 0 0
1144 122 0 0 0
1145 118 0 0 0
1145 119 0 0 0
1145 120 0 0 0
1145 121 0 0 0
1145 122 0 0 0
1146 118 0 0 0
1146 119 0 0 0
1146 120 0 0 0
1146 121 0 0 0
1146 122 0 0 0
1141 120 0 0 0
1141 121 0 0 0
1141 122 0 0 0
1141 123 0 0 0
1141 124 0 0 0
1142 120 0 0 0
1142 121 0 0 0
1142 122 0 0 0
1142 123 0 0 0
1142 124 0 0 0
1143 120 0 0 0
1143 121 0 0 0
1143 122 0 0 0
1143 123 0 0 0
1143 124 0 0 0
1144 120 0 0 0
1144 121 0 0 0
1144 122 0 0 0
1144 123 0 0 0
1144 124 0 0 0
1145 120 0 0 0
1145 121 0 0 0
1145 122 0 0 0
1145 123 0 0 0
1145 124 0 0 0
1140 121 0 0 0
1140 122 0 0 0
1140 123 0 0 0
1140 124 0 0 0
1140 125 0 0 0
1141 121 0 0 0
1141 122 0 0 0
1141 123 0 0 0
1141 124 0 0 0
1141 125 0 0 0
1142 121 0 0 0
1142 122 0 0 0
1142 123 0 0 0
1142 124 0 0 0
1142 125 0 0 0
1143 121 0 0 0
1143 122 0 0 0
1143 123 0 0 0
1143 124 0 0 0
1143 125 0 0 0
1144 121 0 0 0
1144 122 0 0 0
1144 123 0 0 0
1144 124 0 0 0
1144 125 0 0 0
1139 122 0 0 0
1139 123 0 0 0
1139 124 0 0 0
1139 125 0 0 0
1139 126 0 0 0
1140 122 0 0 0
1140 123 0 0 0
1140 124 0 0 0
1140 125 0 0 0
1140 126 0 0 0
1141 122 0 0 0
1141 123 0 0 0
1141 124 0 0 0
1141 125 0 0 0
1141 126 0 0 0
1142 122 0 0 0
1142 123 0 0 0
1142 124 0 0 0
1142 125 0 0 0
1142 126 0 0 0
1143 122 0 0 0
1143 123 0 0 0
1143 124 0 0 0
1143 125 0 0 0
1143 126 0 0 0
1139 124 0 0 0
1139 125 0 0 0
1139 126 0 0 0
1139 127 0 0 0
1139 128 0 0 0
1140 124 0 0 0
1140 125 0 0 0
1140 126 0 0 0
1140 127 0 0 0
1140 128 0 0 0
1141 124 0 0 0
1141 125 0 0 0
1141 126 0 0 0
1141 127 0 0 0
1141 128 0 0 0
1142 124 0 0 0
1142 125 0 0 0
1142 126 0 0 0
1142 127 0 0 0
1142 128 0 0 0
1143 124 0 0 0
1143 125 0 0 0
1143 126 0 0 0
1143 127 0 0 0
1143 128 0 0 0
1138 125 0 0 0
1138 126 0 0 0
1138 127 0 0 0
1138 128 0 0 0
1138 129 0 0 0
1139 125 0 0 0
1139 126 0 0 0
1139 127 0 0 0
1139 128 0 0 0
1139 129 0 0 0
1140 125 0 0 0
1140 126 0 0 0
1140 127 0 0 0
1140 128 0 0 0
1140 129 0 0 0
1141 125 0 0 0
1141 126 0 0 0
1141 127 0 0 0
1141 128 0 0 0
1141 129 0 0 0
1142 125 0 0 0
1142 126 0 0 0
1142 127 0 0 0
1142 128 0 0 0
1142 129 0 0 0
1137 127 0 0 0
1137 128 0 0 0
1137 129 0 0 0
1137 130 0 0 0
1137 131 0 0 0
1138 127 0 0 0
1138 128 0 0 0
1138 129 0 0 0
1138 130 0 0 0
1138 131 0 0 0
1139 127 0 0 0
1139 128 0 0 0
1139 129 0 0 0
1139 130 0 0 0
1139 131 0 0 0
1140 127 0 0 0
1140 128 0 0 0
1140 129 0 0 0
1140 130 0 0 0
1140 131 0 0 0
1141 127 0 0 0
1141 128 0 0 0
1141 129 0 0 0
1141 130 0 0 0
1141 131 0 0 0
1136 128 0 0 0
1136 129 0 0 0
1136 130 0 0 0
1136 131 0 0 0
1136 132 0 0 0
1137 128 0 0 0
1137 129 0 0 0
1137 130 0 0 0
1137 131 0 0 0
1137 132 0 0 0
1138 128 0 0 0
1138 129 0 0 0
1138 130 0 0 0
1138 131 0 0 0
1138 132 0 0 0
1139 128 0 0 0
1139 129 0 0 0
1139 130 0 0 0
1139 131 0 0 0
1139 132 0 0 0
1140 128 0 0 0
1140 129 0 0 0
1140 130 0 0 0
1140 131 0 0 0
1140 132 0 0 0
1135 132 0 0 0
1135 133 0 0 0
1135 134 0 0 0
1135 135 0 0 0
1135 136 0 0 0
1136 132 0 0 0
1136 133 0 0 0
1136 134 0 0 0
1136 135 0 0 0
1136 136 0 0 0
1137 132 0 0 0
1137 133 0 0 0
1137 134 0 0 0
1137 135 0 0 0
1137 136 0 0 0
1138 132 0 0 0
1138 133 0 0 0
1138 134 0 0 0
1138 135 0 0 0
1138 136 0 0 0
1139 132 0 0 0
1139 133 0 0 0
1139 134 0 0 0
1139 135 0 0 0
1139 136 0 0 0
1134 133 0 0 0
1134 134 0 0 0
1134 135 0 0 0
1134 136 0 0 0
1134 137 0 0 0
1135 133 0 0 0
1135 134 0 0 0
1135 135 0 0 0
1135 136 0 0 0
1135 137 0 0 0
1136 133 0 0 0
1136 134 0 0 0
1136 135 0 0 0
1136 136 0 0 0
1136 137 0 0 0
1137 133 0 0 0
1137 134 0 0 0
1137 135 0 0 0
1137 136 0 0 0
1137 137 0 0 0
1138 133 0 0 0
1138 134 0 0 0
1138 135 0 0 0
1138 136 0 0 0
1138 137 0 0 0
1133 135 0 0 0
1133 136 0 0 0
1133 137 0 0 0
1133 138 0 0 0
1133 139 0 0 0
1134 135 0 0 0
1134 136 0 0 0
1134 137 0 0 0
1134 138 0 0 0
1134 139 0 0 0
1135 135 0 0 0
1135 136 0 0 0
1135 137 0 0 0
1135 138 0 0 0
1135 139 0 0 0
1136 135 0 0 0
1136 136 0 0 0
1136 137 0 0 0
1136 138 0 0 0
1136 139 0 0 0
1137 135 0 0 0
1137 136 0 0 0
1137 137 0 0 0
1137 138 0 0 0
1137 139 0 0 0
1132 136 0 0 0
1132 137 0 0 0
1132 138 0 0 0
1132 139 0 0 0
1132 140 0 0 0
1133 136 0 0 0
1133 137 0 0 0
1133 138 0 0 0
1133 139 0 0 0
1133 140 0 0 0
1134 136 0 0 0
1134 137 0 0 0
1134 138 0 0 0
1134 139 0 0 0
1134 140 0 0 0
1135 136 0 0 0
1135 137 0 0 0
1135 138 0 0 0
1135 139 0 0 0
1135 140 0 0 0
1136 136 0 0 0
1136 137 0 0 0
1136 138 0 0 0
1136 139 0 0 0
1136 140 0 0 0
1131 139 0 0 0
1131 140 0 0 0
1131 141 0 0 0
1131 142 0 0 0
1131 143 0 0 0
1132 139 0 0 0
1132 140 0 0 0
1132 141 0 0 0
1132 142 0 0 0
1132 143 0 0 0
1133 139 0 0 0
1133 140 0 0 0
1133 141 0 0 0
1133 142 0 0 0
1133 143 0 0 0
1134 139 0 0 0
1134 140 0 0 0
1134 141 0 0 0
1134 142 0 0 0
1134 143 0 0 0
1135 139 0 0 0
1135 140 0 0 0
1135 141 0 0 0
1135 142 0 0 0
1135 143 0 0 0
1130 141 0 0 0
1130 142 0 0 0
1130 143 0 0 0
1130 144 0 0 0
1130 145 0 0 0
1131 141 0 0 0
1131 142 0 0 0
1131 143 0 0 0
1131 144 0 0 0
1131 145 0 0 0
1132 141 0 0 0
1132 142 0 0 0
1132 143 0 0 0
1132 144 0 0 0
1132 145 0 0 0
1133 141 0 0 0
1133 142 0 0 0
1133 143 0 0 0
1133 144 0 0 0
1133 145 0 0 0
1134 141 0 0 0
1134 142 0 0 0
1134 143 0 0 0
1134 144 0 0 0
1134 145 0 0 0
1130 143 0 0 0
1130 144 0 0 0
1130 145 0 0 0
1130 146 0 0 0
1130 147 0 0 0
1131 143 0 0 0
1131 144 0 0 0
1131 145 0 0 0
1131 146 0 0 0
1131 147 0 0 0
1132 143 0 0 0
1132 144 0 0 0
1132 145 0 0 0
1132 146 0 0 0
1132 147 0 0 0
1133 143 0 0 0
1133 144 0 0 0
1133 145 0 0 0
1133 146 0 0 0
1133 147 0 0 0
1134 143 0 0 0
1134 144 0 0 0
1134 145 0 0 0
1134 146 0 0 0
1134 147 0 0 0
1128 145 0 0 0
1128 146 0 0 0
1128 147 0 0 0
1128 148 0 0 0
1128 149 0 0 0
1129 145 0 0 0
1129 146 0 0 0
1129 147 0 0 0
1129 148 0 0 0
1129 149 0 0 0
1130 145 0 0 0
1130 146 0 0 0
1130 147 0 0 0
1130 148 0 0 0
1130 149 0 0 0
1131 145 0 0 0
1131 146 0 0 0
1131 147 0 0 0
1131 148 0 0 0
1131 149 0 0 0
1132 145 0 0 0
1132 146 0 0 0
1132 147 0 0 0
1132 148 0 0 0
1132 149 0 0 0
1127 147 0 0 0
1127 148 0 0 0
1127 149 0 0 0
1127 150 0 0 0
1127 151 0 0 0
1128 147 0 0 0
1128 148 0 0 0
1128 149 0 0 0
1128 150 0 0 0
1128 151 0 0 0
1129 147 0 0 0
1129 148 0 0 0
1129 149 0 0 0
1129 150 0 0 0
1129 151 0 0 0
1130 147 0 0 0
1130 148 0 0 0
1130 149 0 0 0
1130 150 0 0 0
1130 151 0 0 0
1131 147 0 0 0
1131 148 0 0 0
1131 149 0 0 0
1131 150 0 0 0
1131 151 0 0 0
1127 149 0 0 0
1127 150 0 0 0
1127 151 0 0 0
1127 152 0 0 0
1127 153 0 0 0
1128 149 0 0 0
1128 150 0 0 0
1128 151 0 0 0
1128 152 0 0 0
1128 153 0 0 0
1129 149 0 0 0
1129 150 0 0 0
1129 151 0 0 0
1129 152 0 0 0
1129 153 0 0 0
1130 149 0 0 0
1130 150 0 0 0
1130 151 0 0 0
1130 152 0 0 0
1130 153 0 0 0
1131 149 0 0 0
1131 150 0 0 0
1131 151 0 0 0
1131 152 0 0 0
1131 153 0 0 0
1126 150 0 0 0
1126 151 0 0 0
1126 152 0 0 0
1126 153 0 0 0
1126 154 0 0 0
1127 150 0 0 0
1127 151 0 0 0
1127 152 0 0 0
1127 153 0 0 0
1127 154 0 0 0
1128 150 0 0 0
1128 151 0 0 0
1128 152 0 0 0
1128 153 0 0 0
1128 154 0 0 0
1129 150 0 0 0
1129 151 0 0 0
1129 152 0 0 0
1129 153 0 0 0
1129 154 0 0 0
1130 150 0 0 0
1130 151 0 0 0
1130 152 0 0 0
1130 153 0 0 0
1130 154 0 0 0
1125 152 0 0 0
1125 153 0 0 0
1125 154 0 0 0
1125 155 0 0 0
1125 156 0 0 0
1126 152 0 0 0
1126 153 0 0 0
1126 154 0 0 0
1126 155 0 0 0
1126 156 0 0 0
1127 152 0 0 0
1127 153 0 0 0
1127 154 0 0 0
1127 155 0 0 0
1127 156 0 0 0
1128 152 0 0 0
1128 153 0 0 0
1128 154 0 0 0
1128 155 0 0 0
1128 156 0 0 0
1129 152 0 0 0
1129 153 0 0 0
1129 154 0 0 0
1129 155 0 0 0
1129 156 0 0 0
1125 153 0 0 0
1125 154 0 0 0
1125 155 0 0 0
1125 156 0 0 0
1125 157 0 0 0
1126 153 0 0 0
1126 154 0 0 0
1126 155 0 0 0
1126 156 0 0 0
1126 157 0 0 0
1127 153 0 0 0
1127 154 0 0 0
1127 155 0 0 0
1127 156 0 0 0
1127 157 0 0 0
1128 153 0 0 0
1128 154 0 0 0
1128 155 0 0 0
1128 156 0 0 0
1128 157 0 0 0
1129 153 0 0 0
1129 154 0 0 0
1129 155 0 0 0
1129 156 0 0 0
1129 157 0 0 0
1124 155 0 0 0
1124 156 0 0 0
1124 157 0 0 0
1124 158 0 0 0
1124 159 0 0 0
1125 155 0 0 0
1125 156 0 0 0
1125 157 0 0 0
1125 158 0 0 0
1125 159 0 0 0
1126 155 0 0 0
1126 156 0 0 0
1126 157 0 0 0
1126 158 0 0 0
1126 159 0 0 0
1127 155 0 0 0
1127 156 0 0 0
1127 157 0 0 0
1127 158 0 0 0
1127 159 0 0 0
1128 155 0 0 0
1128 156 0 0 0
1128 157 0 0 0
1128 158 0 0 0
1128 159 0 0 0
1124 156 0 0 0
1124 157 0 0 0
1124 158 0 0 0
1124 159 0 0 0
1124 160 0 0 0
1125 156 0 0 0
1125 157 0 0 0
1125 158 0 0 0
1125 159 0 0 0
1125 160 0 0 0
1126 156 0 0 0
1126 157 0 0 0
1126 158 0 0 0
1126 159 0 0 0
1126 160 0 0 0
1127 156 0 0 0
1127 157 0 0 0
1127 158 0 0 0
1127 159 0 0 0
1127 160 0 0 0
1128 156 0 0 0
1128 157 0 0 0
1128 158 0 0 0
1128 159 0 0 0
1128 160 0 0 0
1123 158 0 0 0
1123 159 0 0 0
1123 160 0 0 0
1123 161 0 0 0
1123 162 0 0 0
1124 158 0 0 0
1124 159 0 0 0
1124 160 0 0 0
1124 161 0 0 0
1124 162 0 0 0
1125 158 0 0 0
1125 159 0 0 0
1125 160 0 0 0
1125 161 0 0 0
1125 162 0 0 0
1126 158 0 0 0
1126 159 0 0 0
1126 160 0 0 0
1126 161 0 0 0
1126 162 0 0 0
1127 158 0 0 0
1127 159 0 0 0
1127 160 0 0 0
1127 161 0 0 0
1127 162 0 0 0
1121 161 0 0 0
1121 162 0 0 0
1121 163 0 0 0
1121 164 0 0 0
1121 165 0 0 0
1122 161 0 0 0
1122 162 0 0 0
1122 163 0 0 0
1122 164 0 0 0
1122 165 0 0 0
1123 161 0 0 0
1123 162 0 0 0
1123 163 0 0 0
1123 164 0 0 0
1123 165 0 0 0
1124 161 0 0 0
1124 162 0 0 0
1124 163 0 0 0
1124 164 0 0 0
1124 165 0 0 0
1125 161 0 0 0
1125 162 0 0 0
1125 163 0 0 0
1125 164 0 0 0
1125 165 0 0 0
1121 162 0 0 0
1121 163 0 0 0
1121 164 0 0 0
1121 165 0 0 0
1121 166 0 0 0
1122 162 0 0 0
1122 163 0 0 0
1122 164 0 0 0
1122 165 0 0 0
1122 166 0 0 0
1123 162 0 0 0
1123 163 0 0 0
1123 164 0 0 0
1123 165 0 0 0
1123 166 0 0 0
1124 162 0 0 0
1124 163 0 0 0
1124 164 0 0 0
1124 165 0 0 0
1124 166 0 0 0
1125 162 0 0 0
1125 163 0 0 0
1125 164 0 0 0
1125 165 0 0 0
1125 166 0 0 0
1120 165 0 0 0
1120 166 0 0 0
1120 167 0 0 0
1120 168 0 0 0
1120 169 0 0 0
1121 165 0 0 0
1121 166 0 0 0
1121 167 0 0 0
1121 168 0 0 0
1121 169 0 0 0
1122 165 0 0 0
1122 166 0 0 0
1122 167 0 0 0
1122 168 0 0 0
1122 169 0 0 0
1123 165 0 0 0
1123 166 0 0 0
1123 167 0 0 0
1123 168 0 0 0
1123 169 0 0 0
1124 165 0 0 0
1124 166 0 0 0
1124 167 0 0 0
1124 168 0 0 0
1124 169 0 0 0
1119 166 0 0 0
1119 167 0 0 0
1119 168 0 0 0
1119 169 0 0 0
1119 170 0 0 0
1120 166 0 0 0
1120 167 0 0 0
1120 168 0 0 0
1120 169 0 0 0
1120 170 0 0 0
1121 166 0 0 0
1121 167 0 0 0
1121 168 0 0 0
1121 169 0 0 0
1121 170 0 0 0
1122 166 0 0 0
1122 167 0 0 0
1122 168 0 0 0
1122 169 0 0 0
1122 170 0 0 0
1123 166 0 0 0
1123 167 0 0 0
1123 168 0 0 0
1123 169 0 0 0
1123 170 0 0 0
1119 167 0 0 0
1119 168 0 0 0
1119 169 0 0 0
1119 170 0 0 0
1119 171 0 0 0
1120 167 0 0 0
1120 168 0 0 0
1120 169 0 0 0
1120 170 0 0 0
1120 171 0 0 0
1121 167 0 0 0
1121 168 0 0 0
1121 169 0 0 0
1121 170 0 0 0
1121 171 0 0 0
1122 167 0 0 0
1122 168 0 0 0
1122 169 0 0 0
1122 170 0 0 0
1122 171 0 0 0
1123 167 0 0 0
1123 168 0 0 0
1123 169 0 0 0
1123 170 0 0 0
1123 171 0 0 0
1118 169 0 0 0
1118 170 0 0 0
1118 171 0 0 0
1118 172 0 0 0
1118 173 0 0 0
1119 169 0 0 0
1119 170 0 0 0
1119 171 0 0 0
1119 172 0 0 0
1119 173 0 0 0
1120 169 0 0 0
1120 170 0 0 0
1120 171 0 0 0
1120 172 0 0 0
1120 173 0 0 0
1121 169 0 0 0
1121 170 0 0 0
1121 171 0 0 0
1121 172 0 0 0
1121 173 0 0 0
1122 169 0 0 0
1122 170 0 0 0
1122 171 0 0 0
1122 172 0 0 0
1122 173 0 0 0
1118 171 0 0 0
1118 172 0 0 0
1118 173 0 0 0
1118 174 0 0 0
1118 175 0 0 0
1119 171 0 0 0
1119 172 0 0 0
1119 173 0 0 0
1119 174 0 0 0
1119 175 0 0 0
1120 171 0 0 0
1120 172 0 0 0
1120 173 0 0 0
1120 174 0 0 0
1120 175 0 0 0
1121 171 0 0 0
1121 172 0 0 0
1121 173 0 0 0
1121 174 0 0 0
1121 175 0 0 0
1122 171 0 0 0
1122 172 0 0 0
1122 173 0 0 0
1122 174 0 0 0
1122 175 0 0 0
1117 173 0 0 0
1117 174 0 0 0
1117 175 0 0 0
1117 176 0 0 0
1117 177 0 0 0
1118 173 0 0 0
1118 174 0 0 0
1118 175 0 0 0
1118 176 0 0 0
1118 177 0 0 0
1119 173 0 0 0
1119 174 0 0 0
1119 175 0 0 0
1119 176 0 0 0
1119 177 0 0 0
1120 173 0 0 0
1120 174 0 0 0
1120 175 0 0 0
1120 176 0 0 0
1120 177 0 0 0
1121 173 0 0 0
1121 174 0 0 0
1121 175 0 0 0
1121 176 0 0 0
1121 177 0 0 0
1116 174 0 0 0
1116 175 0 0 0
1116 176 0 0 0
1116 177 0 0 0
1116 178 0 0 0
1117 174 0 0 0
1117 175 0 0 0
1117 176 0 0 0
1117 177 0 0 0
1117 178 0 0 0
1118 174 0 0 0
1118 175 0 0 0
1118 176 0 0 0
1118 177 0 0 0
1118 178 0 0 0
1119 174 0 0 0
1119 175 0 0 0
1119 176 0 0 0
1119 177 0 0 0
1119 178 0 0 0
1120 174 0 0 0
1120 175 0 0 0
1120 176 0 0 0
1120 177 0 0 0
1120 178 0 0 0
1116 175 0 0 0
1116 176 0 0 0
1116 177 0 0 0
1116 178 0 0 0
1116 179 0 0 0
1117 175 0 0 0
1117 176 0 0 0
1117 177 0 0 0
1117 178 0 0 0
1117 179 0 0 0
1118 175 0 0 0
1118 176 0 0 0
1118 177 0 0 0
1118 178 0 0 0
1118 179 0 0 0
1119 175 0 0 0
1119 176 0 0 0
1119 177 0 0 0
1119 178 0 0 0
1119 179 0 0 0
1120 175 0 0 0
1120 176 0 0 0
1120 177 0 0 0
1120 178 0 0 0
1120 179 0 0 0
1115 176 0 0 0
1115 177 0 0 0
1115 178 0 0 0
1115 179 0 0 0
1115 180 0 0 0
1116 176 0 0 0
1116 177 0 0 0
1116 178 0 0 0
1116 179 0 0 0
1116 180 0 0 0
1117 176 0 0 0
1117 177 0 0 0
1117 178 0 0 0
1117 179 0 0 0
1117 180 0 0 0
1118 176 0 0 0
1118 177 0 0 0
1118 178 0 0 0
1118 179 0 0 0
1118 180 0 0 0
1119 176 0 0 0
1119 177 0 0 0
1119 178 0 0 0
1119 179 0 0 0
1119 180 0 0 0
1115 178 0 0 0
1115 179 0 0 0
1115 180 0 0 0
1115 181 0 0 0
1115 182 0 0 0
1116 178 0 0 0
1116 179 0 0 0
1116 180 0 0 0
1116 181 0 0 0
1116 182 0 0 0
1117 178 0 0 0
1117 179 0 0 0
1117 180 0 0 0
1117 181 0 0 0
1117 182 0 0 0
1118 178 0 0 0
1118 179 0 0 0
1118 180 0 0 0
1118 181 0 0 0
1118 182 0 0 0
1119 178 0 0 0
1119 179 0 0 0
1119 180 0 0 0
1119 181 0 0 0
1119 182 0 0 0
1114 179 0 0 0
1114 180 0 0 0
1114 181 0 0 0
1114 182 0 0 0
1114 183 0 0 0
1115 179 0 0 0
1115 180 0 0 0
1115 181 0 0 0
1115 182 0 0 0
1115 183 0 0 0
1116 179 0 0 0
1116 180 0 0 0
1116 181 0 0 0
1116 182 0 0 0
1116 183 0 0 0
1117 179 0 0 0
1117 180 0 0 0
1117 181 0 0 0
1117 182 0 0 0
1117 183 0 0 0
1118 179 0 0 0
1118 180 0 0 0
1118 181 0 0 0
1118 182 0 0 0
1118 183 0 0 0
1114 182 0 0 0
1114 183 0 0 0
1114 184 0 0 0
1114 185 0 0 0
1114 186 0 0 0
1115 182 0 0 0
1115 183 0 0 0
1115 184 0 0 0
1115 185 0 0 0
1115 186 0 0 0
1116 182 0 0 0
1116 183 0 0 0
1116 184 0 0 0
1116 185 0 0 0
1116 186 0 0 0
1117 182 0 0 0
1117 183 0 0 0
1117 184 0 0 0
1117 185 0 0 0
1117 186 0 0 0
1118 182 0 0 0
1118 183 0 0 0
1118 184 0 0 0
1118 185 0 0 0
1118 186 0 0 0
1113 184 0 0 0
1113 185 0 0 0
1113 186 0 0 0
1113 187 0 0 0
1113 188 0 0 0
1114 184 0 0 0
1114 185 0 0 0
1114 186 0 0 0
1114 187 0 0 0
1114 188 0 0 0
1115 184 0 0 0
1115 185 0 0 0
1115 186 0 0 0
1115 187 0 0 0
1115 188 0 0 0
1116 184 0 0 0
1116 185 0 0 0
1116 186 0 0 0
1116 187 0 0 0
1116 188 0 0 0
1117 184 0 0 0
1117 185 0 0 0
1117 186 0 0 0
1117 187 0 0 0
1117 188 0 0 0
1113 185 0 0 0
1113 186 0 0 0
1113 187 0 0 0
1113 188 0 0 0
1113 189 0 0 0
1114 185 0 0 0
1114 186 0 0 0
1114 187 0 0 0
1114 188 0 0 0
1114 189 0 0 0
1115 185 0 0 0
1115 186 0 0 0
1115 187 0 0 0
1115 188 0 0 0
1115 189 0 0 0
1116 185 0 0 0
1116 186 0 0 0
1116 187 0 0 0
1116 188 0 0 0
1116 189 0 0 0
1117 185 0 0 0
1117 186 0 0 0
1117 187 0 0 0
1117 188 0 0 0
1117 189 0 0 0
1112 186 0 0 0
1112 187 0 0 0
1112 188 0 0 0
1112 189 0 0 0
1112 190 0 0 0
1113 186 0 0 0
1113 187 0 0 0
1113 188 0 0 0
1113 189 0 0 0
1113 190 0 0 0
1114 186 0 0 0
1114 187 0 0 0
1114 188 0 0 0
1114 189 0 0 0
1114 190 0 0 0
1115 186 0 0 0
1115 187 0 0 0
1115 188 0 0 0
1115 189 0 0 0
1115 190 0 0 0
1116 186 0 0 0
1116 187 0 0 0
1116 188 0 0 0
1116 189 0 0 0
1116 190 0 0 0
1112 187 0 0 0
1112 188 0 0 0
1112 189 0 0 0
1112 190 0 0 0
1112 191 0 0 0
1113 187 0 0 0
1113 188 0 0 0
1113 189 0 0 0
1113 190 0 0 0
1113 191 0 0 0
1114 187 0 0 0
1114 188 0 0 0
1114 189 0 0 0
1114 190 0 0 0
1114 191 0 0 0
1115 187 0 0 0
1115 188 0 0 0
1115 189 0 0 0
1115 190 0 0 0
1115 191 0 0 0
1116 187 0 0 0
1116 188 0 0 0
1116 189 0 0 0
1116 190 0 0 0
1116 191 0 0 0
1111 188 0 0 0
1111 189 0 0 0
1111 190 0 0 0
1111 191 0 0 0
1111 192 0 0 0
1112 188 0 0 0
1112 189 0 0 0
1112 190 0 0 0
1112 191 0 0 0
1112 192 0 0 0
1113 188 0 0 0
1113 189 0 0 0
1113 190 0 0 0
1113 191 0 0 0
1113 192 0 0 0
1114 188 0 0 0
1114 189 0 0 0
1114 190 0 0 0
1114 191 0 0 0
1114 192 0 0 0
1115 188 0 0 0
1115 189 0 0 0
1115 190 0 0 0
1115 191 0 0 0
1115 192 0 0 0
1111 189 0 0 0
1111 190 0 0 0
1111 191 0 0 0
1111 192 0 0 0
1111 193 0 0 0
1112 189 0 0 0
1112 190 0 0 0
1112 191 0 0 0
1112 192 0 0 0
1112 193 0 0 0
1113 189 0 0 0
1113 190 0 0 0
1113 191 0 0 0
1113 192 0 0 0
1113 193 0 0 0
1114 189 0 0 0
1114 190 0 0 0
1114 191 0 0 0
1114 192 0 0 0
1114 193 0 0 0
1115 189 0 0 0
1115 190 0 0 0
1115 191 0 0 0
1115 192 0 0 0
1115 193 0 0 0
1111 190 0 0 0
1111 191 0 0 0
1111 192 0 0 0
1111 193 0 0 0
1111 194 0 0 0
1112 190 0 0 0
1112 191 0 0 0
1112 192 0 0 0
1112 193 0 0 0
1112 194 0 0 0
1113 190 0 0 0
1113 191 0 0 0
1113 192 0 0 0
1113 193 0 0 0
1113 194 0 0 0
1114 190 0 0 0
1114 191 0 0 0
1114 192 0 0 0
1114 193 0 0 0
1114 194 0 0 0
1115 190 0 0 0
1115 191 0 0 0
1115 192 0 0 0
1115 193 0 0 0
1115 194 0 0 0
1111 191 0 0 0
1111 192 0 0 0
1111 193 0 0 0
1111 194 0 0 0
1111 195 0 0 0
1112 191 0 0 0
1112 192 0 0 0
1112 193 0 0 0
1112 194 0 0 0
1112 195 0 0 0
1113 191 0 0 0
1113 192 0 0 0
1113 193 0 0 0
1113 194 0 0 0
1113 195 0 0 0
1114 191 0 0 0
1114 192 0 0 0
1114 193 0 0 0
1114 194 0 0 0
1114 195 0 0 0
1115 191 0 0 0
1115 192 0 0 0
1115 193 0 0 0
1115 194 0 0 0
1115 195 0 0 0
1110 192 0 0 0
1110 193 0 0 0
1110 194 0 0 0
1110 195 0 0 0
1110 196 0 0 0
1111 192 0 0 0
1111 193 0 0 0
1111 194 0 0 0
1111 195 0 0 0
1111 196 0 0 0
1112 192 0 0 0
1112 193 0 0 0
1112 194 0 0 0
1112 195 0 0 0
1112 196 0 0 0
1113 192 0 0 0
1113 193 0 0 0
1113 194 0 0 0
1113 195 0 0 0
1113 196 0 0 0
1114 192 0 0 0
1114 193 0 0 0
1114 194 0 0 0
1114 195 0 0 0
1114 196 0 0 0
1110 193 0 0 0
1110 194 0 0 0
1110 195 0 0 0
1110 196 0 0 0
1110 197 0 0 0
1111 193 0 0 0
1111 194 0 0 0
1111 195 0 0 0
1111 196 0 0 0
1111 197 0 0 0
1112 193 0 0 0
1112 194 0 0 0
1112 195 0 0 0
1112 196 0 0 0
1112 197 0 0 0
1113 193 0 0 0
1113 194 0 0 0
1113 195 0 0 0
1113 196 0 0 0
1113 197 0 0 0
1114 193 0 0 0
1114 194 0 0 0
1114 195 0 0 0
1114 196 0 0 0
1114 197 0 0 0
1110 194 0 0 0
1110 195 0 0 0
1110 196 0 0 0
1110 197 0 0 0
1110 198 0 0 0
1111 194 0 0 0
1111 195 0 0 0
1111 196 0 0 0
1111 197 0 0 0
1111 198 0 0 0
1112 194 0 0 0
1112 195 0 0 0
1112 196 0 0 0
1112 197 0 0 0
1112 198 0 0 0
1113 194 0 0 0
1113 195 0 0 0
1113 196 0 0 0
1113 197 0 0 0
1113 198 0 0 0
1114 194 0 0 0
1114 195 0 0 0
1114 196 0 0 0
1114 197 0 0 0
1114 198 0 0 0
1109 195 0 0 0
1109 196 0 0 0
1109 197 0 0 0
1109 198 0 0 0
1109 199 0 0 0
1110 195 0 0 0
1110 196 0 0 0
1110 197 0 0 0
1110 198 0 0 0
1110 199 0 0 0
1111 195 0 0 0
1111 196 0 0 0
1111 197 0 0 0
1111 198 0 0 0
1111 199 0 0 0
1112 195 0 0 0
1112 196 0 0 0
1112 197 0 0 0
1112 198 0 0 0
1112 199 0 0 0
1113 195 0 0 0
1113 196 0 0 0
1113 197 0 0 0
1113 198 0 0 0
1113 199 0 0 0
1109 196 0 0 0
1109 197 0 0 0
1109 198 0 0 0
1109 199 0 0 0
1109 200 0 0 0
1110 196 0 0 0
1110 197 0 0 0
1110 198 0 0 0
1110 199 0 0 0
1110 200 0 0 0
1111 196 0 0 0
1111 197 0 0 0
1111 198 0 0 0
1111 199 0 0 0
1111 200 0 0 0
1112 196 0 0 0
1112 197 0 0 0
1112 198 0 0 0
1112 199 0 0 0
1112 200 0 0 0
1113 196 0 0 0
1113 197 0 0 0
1113 198 0 0 0
1113 199 0 0 0
1113 200 0 0 0
1109 197 0 0 0
1109 198 0 0 0
1109 199 0 0 0
1109 200 0 0 0
1109 201 0 0 0
1110 197 0 0 0
1110 198 0 0 0
1110 199 0 0 0
1110 200 0 0 0
1110 201 0 0 0
1111 197 0 0 0
1111 198 0 0 0
1111 199 0 0 0
1111 200 0 0 0
1111 201 0 0 0
1112 197 0 0 0
1112 198 0 0 0
1112 199 0 0 0
1112 200 0 0 0
1112 201 0 0 0
1113 197 0 0 0
1113 198 0 0 0
1113 199 0 0 0
1113 200 0 0 0
1113 201 0 0 0
1109 198 0 0 0
1109 199 0 0 0
1109 200 0 0 0
1109 201 0 0 0
1109 202 0 0 0
1110 198 0 0 0
1110 199 0 0 0
1110 200 0 0 0
1110 201 0 0 0
1110 202 0 0 0
1111 198 0 0 0
1111 199 0 0 0
1111 200 0 0 0
1111 201 0 0 0
1111 202 0 0 0
1112 198 0 0 0
1112 199 0 0 0
1112 200 0 0 0
1112 201 0 0 0
1112 202 0 0 0
1113 198 0 0 0
1113 199 0 0 0
1113 200 0 0 0
1113 201 0 0 0
1113 202 0 0 0
1108 199 0 0 0
1108 200 0 0 0
1108 201 0 0 0
1108 202 0 0 0
1108 203 0 0 0
1109 199 0 0 0
1109 200 0 0 0
1109 201 0 0 0
1109 202 0 0 0
1109 203 0 0 0
1110 199 0 0 0
1110 200 0 0 0
1110 201 0 0 0
1110 202 0 0 0
1110 203 0 0 0
1111 199 0 0 0
1111 200 0 0 0
1111 201 0 0 0
1111 202 0 0 0
1111 203 0 0 0
1112 199 0 0 0
1112 200 0 0 0
1112 201 0 0 0
1112 202 0 0 0
1112 203 0 0 0
1108 200 0 0 0
1108 201 0 0 0
1108 202 0 0 0
1108 203 0 0 0
1108 204 0 0 0
1109 200 0 0 0
1109 201 0 0 0
1109 202 0 0 0
1109 203 0 0 0
1109 204 0 0 0
1110 200 0 0 0
1110 201 0 0 0
1110 202 0 0 0
1110 203 0 0 0
1110 204 0 0 0
1111 200 0 0 0
1111 201 0 0 0
1111 202 0 0 0
1111 203 0 0 0
1111 204 0 0 0
1112 200 0 0 0
1112 201 0 0 0
1112 202 0 0 0
1112 203 0 0 0
1112 204 0 0 0
1108 201 0 0 0
1108 202 0 0 0
1108 203 0 0 0
1108 204 0 0 0
1108 205 0 0 0
1109 201 0 0 0
1109 202 0 0 0
1109 203 0 0 0
1109 204 0 0 0
1109 205 0 0 0
1110 201 0 0 0
1110 202 0 0 0
1110 203 0 0 0
1110 204 0 0 0
1110 205 0 0 0
1111 201 0 0 0
1111 202 0 0 0
1111 203 0 0 0
1111 204 0 0 0
1111 205 0 0 0
1112 201 0 0 0
1112 202 0 0 0
1112 203 0 0 0
1112 204 0 0 0
1112 205 0 0 0
1107 202 0 0 0
1107 203 0 0 0
1107 204 0 0 0
1107 205 0 0 0
1107 206 0 0 0
1108 202 0 0 0
1108 203 0 0 0
1108 204 0 0 0
1108 205 0 0 0
1108 206 0 0 0
1109 202 0 0 0
1109 203 0 0 0
1109 204 0 0 0
1109 205 0 0 0
1109 206 0 0 0
1110 202 0 0 0
1110 203 0 0 0
1110 204 0 0 0
1110 205 0 0 0
1110 206 0 0 0
1111 202 0 0 0
1111 203 0 0 0
1111 204 0 0 0
1111 205 0 0 0
1111 206 0 0 0
1107 203 0 0 0
1107 204 0 0 0
1107 205 0 0 0
1107 206 0 0 0
1107 207 0 0 0
1108 203 0 0 0
1108 204 0 0 0
1108 205 0 0 0
1108 206 0 0 0
1108 207 0 0 0
1109 203 0 0 0
1109 204 0 0 0
1109 205 0 0 0
1109 206 0 0 0
1109 207 0 0 0
1110 203 0 0 0
1110 204 0 0 0
1110 205 0 0 0
1110 206 0 0 0
1110 207 0 0 0
1111 203 0 0 0
1111 204 0 0 0
1111 205 0 0 0
1111 206 0 0 0
1111 207 0 0 0
1107 204 0 0 0
1107 205 0 0 0
1107 206 0 0 0
1107 207 0 0 0
1107 208 0 0 0
1108 204 0 0 0
1108 205 0 0 0
1108 206 0 0 0
1108 207 0 0 0
1108 208 0 0 0
1109 204 0 0 0
1109 205 0 0 0
1109 206 0 0 0
1109 207 0 0 0
1109 208 0 0 0
1110 204 0 0 0
1110 205 0 0 0
1110 206 0 0 0
1110 207 0 0 0
1110 208 0 0 0
1111 204 0 0 0
1111 205 0 0 0
1111 206 0 0 0
1111 207 0 0 0
1111 208 0 0 0
1107 205 0 0 0
1107 206 0 0 0
1107 207 0 0 0
1107 208 0 0 0
1107 209 0 0 0
1108 205 0 0 0
1108 206 0 0 0
1108 207 0 0 0
1108 208 0 0 0
1108 209 0 0 0
1109 205 0 0 0
1109 206 0 0 0
1109 207 0 0 0
1109 208 0 0 0
1109 209 0 0 0
1110 205 0 0 0
1110 206 0 0 0
1110 207 0 0 0
1110 208 0 0 0
1110 209 0 0 0
1111 205 0 0 0
1111 206 0 0 0
1111 207 0 0 0
1111 208 0 0 0
1111 209 0 0 0
1106 206 0 0 0
1106 207 0 0 0
1106 208 0 0 0
1106 209 0 0 0
1106 210 0 0 0
1107 206 0 0 0
1107 207 0 0 0
1107 208 0 0 0
1107 209 0 0 0
1107 210 0 0 0
1108 206 0 0 0
1108 207 0 0 0
1108 208 0 0 0
1108 209 0 0 0
1108 210 0 0 0
1109 206 0 0 0
1109 207 0 0 0
1109 208 0 0 0
1109 209 0 0 0
1109 210 0 0 0
1110 206 0 0 0
1110 207 0 0 0
1110 208 0 0 0
1110 209 0 0 0
1110 210 0 0 0
1106 207 0 0 0
1106 208 0 0 0
1106 209 0 0 0
1106 210 0 0 0
1106 211 0 0 0
1107 207 0 0 0
1107 208 0 0 0
1107 209 0 0 0
1107 210 0 0 0
1107 211 0 0 0
1108 207 0 0 0
1108 208 0 0 0
1108 209 0 0 0
1108 210 0 0 0
1108 211 0 0 0
1109 207 0 0 0
1109 208 0 0 0
1109 209 0 0 0
1109 210 0 0 0
1109 211 0 0 0
1110 207 0 0 0
1110 208 0 0 0
1110 209 0 0 0
1110 210 0 0 0
1110 211 0 0 0
1106 208 0 0 0
1106 209 0 0 0
1106 210 0 0 0
1106 211 0 0 0
1106 212 0 0 0
1107 208 0 0 0
1107 209 0 0 0
1107 210 0 0 0
1107 211 0 0 0
1107 212 0 0 0
1108 208 0 0 0
1108 209 0 0 0
1108 210 0 0 0
1108 211 0 0 0
1108 212 0 0 0
1109 208 0 0 0
1109 209 0 0 0
1109 210 0 0 0
1109 211 0 0 0
1109 212 0 0 0
1110 208 0 0 0
1110 209 0 0 0
1110 210 0 0 0
1110 211 0 0 0
1110 212 0 0 0
1106 209 0 0 0
1106 210 0 0 0
1106 211 0 0 0
1106 212 0 0 0
1106 213 0 0 0
1107 209 0 0 0
1107 210 0 0 0
1107 211 0 0 0
1107 212 0 0 0
1107 213 0 0 0
1108 209 0 0 0
1108 210 0 0 0
1108 211 0 0 0
1108 212 0 0 0
1108 213 0 0 0
1109 209 0 0 0
1109 210 0 0 0
1109 211 0 0 0
1109 212 0 0 0
1109 213 0 0 0
1110 209 0 0 0
1110 210 0 0 0
1110 211 0 0 0
1110 212 0 0 0
1110 213 0 0 0
1105 210 0 0 0
1105 211 0 0 0
1105 212 0 0 0
1105 213 0 0 0
1105 214 0 0 0
1106 210 0 0 0
1106 211 0 0 0
1106 212 0 0 0
1106 213 0 0 0
1106 214 0 0 0
1107 210 0 0 0
1107 211 0 0 0
1107 212 0 0 0
1107 213 0 0 0
1107 214 0 0 0
1108 210 0 0 0
1108 211 0 0 0
1108 212 0 0 0
1108 213 0 0 0
1108 214 0 0 0
1109 210 0 0 0
1109 211 0 0 0
1109 212 0 0 0
1109 213 0 0 0
1109 214 0 0 0
1105 211 0 0 0
1105 212 0 0 0
1105 213 0 0 0
1105 214 0 0 0
1105 215 0 0 0
1106 211 0 0 0
1106 212 0 0 0
1106 213 0 0 0
1106 214 0 0 0
1106 215 0 0 0
1107 211 0 0 0
1107 212 0 0 0
1107 213 0 0 0
1107 214 0 0 0
1107 215 0 0 0
1108 211 0 0 0
1108 212 0 0 0
1108 213 0 0 0
1108 214 0 0 0
1108 215 0 0 0
1109 211 0 0 0
1109 212 0 0 0
1109 213 0 0 0
1109 214 0 0 0
1109 215 0 0 0
1105 212 0 0 0
1105 213 0 0 0
1105 214 0 0 0
1105 215 0 0 0
1105 216 0 0 0
1106 212 0 0 0
1106 213 0 0 0
1106 214 0 0 0
1106 215 0 0 0
1106 216 0 0 0
1107 212 0 0 0
1107 213 0 0 0
1107 214 0 0 0
1107 215 0 0 0
1107 216 0 0 0
1108 212 0 0 0
1108 213 0 0 0
1108 214 0 0 0
1108 215 0 0 0
1108 216 0 0 0
1109 212 0 0 0
1109 213 0 0 0
1109 214 0 0 0
1109 215 0 0 0
1109 216 0 0 0
1105 213 0 0 0
1105 214 0 0 0
1105 215 0 0 0
1105 216 0 0 0
1105 217 0 0 0
1106 213 0 0 0
1106 214 0 0 0
1106 215 0 0 0
1106 216 0 0 0
1106 217 0 0 0
1107 213 0 0 0
1107 214 0 0 0
1107 215 0 0 0
1107 216 0 0 0
1107 217 0 0 0
1108 213 0 0 0
1108 214 0 0 0
1108 215 0 0 0
1108 216 0 0 0
1108 217 0 0 0
1109 213 0 0 0
1109 214 0 0 0
1109 215 0 0 0
1109 216 0 0 0
1109 217 0 0 0
1105 214 0 0 0
1105 215 0 0 0
1105 216 0 0 0
1105 217 0 0 0
1105 218 0 0 0
1106 214 0 0 0
1106 215 0 0 0
1106 216 0 0 0
1106 217 0 0 0
1106 218 0 0 0
1107 214 0 0 0
1107 215 0 0 0
1107 216 0 0 0
1107 217 0 0 0
1107 218 0 0 0
1108 214 0 0 0
1108 215 0 0 0
1108 216 0 0 0
1108 217 0 0 0
1108 218 0 0 0
1109 214 0 0 0
1109 215 0 0 0
1109 216 0 0 0
1109 217 0 0 0
1109 218 0 0 0
1105 215 0 0 0
1105 216 0 0 0
1105 217 0 0 0
1105 218 0 0 0
1105 219 0 0 0
1106 215 0 0 0
1106 216 0 0 0
1106 217 0 0 0
1106 218 0 0 0
1106 219 0 0 0
1107 215 0 0 0
1107 216 0 0 0
1107 217 0 0 0
1107 218 0 0 0
1107 219 0 0 0
1108 215 0 0 0
1108 216 0 0 0
1108 217 0 0 0
1108 218 0 0 0
1108 219 0 0 0
1109 215 0 0 0
1109 216 0 0 0
1109 217 0 0 0
1109 218 0 0 0
1109 219 0 0 0
1104 215 0 0 0
1104 216 0 0 0
1104 217 0 0 0
1104 218 0 0 0
1104 219 0 0 0
1105 215 0 0 0
1105 216 0 0 0
1105 217 0 0 0
1105 218 0 0 0
1105 219 0 0 0
1106 215 0 0 0
1106 216 0 0 0
1106 217 0 0 0
1106 218 0 0 0
1106 219 0 0 0
1107 215 0 0 0
1107 216 0 0 0
1107 217 0 0 0
1107 218 0 0 0
1107 219 0 0 0
1108 215 0 0 0
1108 216 0 0 0
1108 217 0 0 0
1108 218 0 0 0
1108 219 0 0 0
1104 216 0 0 0
1104 217 0 0 0
1104 218 0 0 0
1104 219 0 0 0
1104 220 0 0 0
1105 216 0 0 0
1105 217 0 0 0
1105 218 0 0 0
1105 219 0 0 0
1105 220 0 0 0
1106 216 0 0 0
1106 217 0 0 0
1106 218 0 0 0
1106 219 0 0 0
1106 220 0 0 0
1107 216 0 0 0
1107 217 0 0 0
1107 218 0 0 0
1107 219 0 0 0
1107 220 0 0 0
1108 216 0 0 0
1108 217 0 0 0
1108 218 0 0 0
1108 219 0 0 0
1108 220 0 0 0
1104 217 0 0 0
1104 218 0 0 0
1104 219 0 0 0
1104 220 0 0 0
1104 221 0 0 0
1105 217 0 0 0
1105 218 0 0 0
1105 219 0 0 0
1105 220 0 0 0
1105 221 0 0 0
1106 217 0 0 0
1106 218 0 0 0
1106 219 0 0 0
1106 220 0 0 0
1106 221 0 0 0
1107 217 0 0 0
1107 218 0 0 0
1107 219 0 0 0
1107 220 0 0 0
1107 221 0 0 0
1108 217 0 0 0
1108 218 0 0 0
1108 219 0 0 0
1108 220 0 0 0
1108 221 0 0 0
1104 218 0 0 0
1104 219 0 0 0
1104 220 0 0 0
1104 221 0 0 0
1104 222 0 0 0
1105 218 0 0 0
1105 219 0 0 0
1105 220 0 0 0
1105 221 0 0 0
1105 222 0 0 0
1106 218 0 0 0
1106 219 0 0 0
1106 220 0 0 0
1106 221 0 0 0
1106 222 0 0 0
1107 218 0 0 0
1107 219 0 0 0
1107 220 0 0 0
1107 221 0 0 0
1107 222 0 0 0
1108 218 0 0 0
1108 219 0 0 0
1108 220 0 0 0
1108 221 0 0 0
1108 222 0 0 0
1104 219 0 0 0
1104 220 0 0 0
1104 221 0 0 0
1104 222 0 0 0
1104 223 0 0 0
1105 219 0 0 0
1105 220 0 0 0
1105 221 0 0 0
1105 222 0 0 0
1105 223 0 0 0
1106 219 0 0 0
1106 220 0 0 0
1106 221 0 0 0
1106 222 0 0 0
1106 223 0 0 0
1107 219 0 0 0
1107 220 0 0 0
1107 221 0 0 0
1107 222 0 0 0
1107 223 0 0 0
1108 219 0 0 0
1108 220 0 0 0
1108 221 0 0 0
1108 222 0 0 0
1108 223 0 0 0
1104 220 0 0 0
1104 221 0 0 0
1104 222 0 0 0
1104 223 0 0 0
1104 224 0 0 0
1105 220 0 0 0
1105 221 0 0 0
1105 222 0 0 0
1105 223 0 0 0
1105 224 0 0 0
1106 220 0 0 0
1106 221 0 0 0
1106 222 0 0 0
1106 223 0 0 0
1106 224 0 0 0
1107 220 0 0 0
1107 221 0 0 0
1107 222 0 0 0
1107 223 0 0 0
1107 224 0 0 0
1108 220 0 0 0
1108 221 0 0 0
1108 222 0 0 0
1108 223 0 0 0
1108 224 0 0 0
1104 221 0 0 0
1104 222 0 0 0
1104 223 0 0 0
1104 224 0 0 0
1104 225 0 0 0
1105 221 0 0 0
1105 222 0 0 0
1105 223 0 0 0
1105 224 0 0 0
1105 225 0 0 0
1106 221 0 0 0
1106 222 0 0 0
1106 223 0 0 0
1106 224 0 0 0
1106 225 0 0 0
1107 221 0 0 0
1107 222 0 0 0
1107 223 0 0 0
1107 224 0 0 0
1107 225 0 0 0
1108 221 0 0 0
1108 222 0 0 0
1108 223 0 0 0
1108 224 0 0 0
1108 225 0 0 0
1103 222 0 0 0
1103 223 0 0 0
1103 224 0 0 0
1103 225 0 0 0
1103 226 0 0 0
1104 222 0 0 0
1104 223 0 0 0
1104 224 0 0 0
1104 225 0 0 0
1104 226 0 0 0
1105 222 0 0 0
1105 223 0 0 0
1105 224 0 0 0
1105 225 0 0 0
1105 226 0 0 0
1106 222 0 0 0
1106 223 0 0 0
1106 224 0 0 0
1106 225 0 0 0
1106 226 0 0 0
1107 222 0 0 0
1107 223 0 0 0
1107 224 0 0 0
1107 225 0 0 0
1107 226 0 0 0
1103 223 0 0 0
1103 224 0 0 0
1103 225 0 0 0
1103 226 0 0 0
1103 227 0 0 0
1104 223 0 0 0
1104 224 0 0 0
1104 225 0 0 0
1104 226 0 0 0
1104 227 0 0 0
1105 223 0 0 0
1105 224 0 0 0
1105 225 0 0 0
1105 226 0 0 0
1105 227 0 0 0
1106 223 0 0 0
1106 224 0 0 0
1106 225 0 0 0
1106 226 0 0 0
1106 227 0 0 0
1107 223 0 0 0
1107 224 0 0 0
1107 225 0 0 0
1107 226 0 0 0
1107 227 0 0 0
1103 225 0 0 0
1103 226 0 0 0
1103 227 0 0 0
1103 228 0 0 0
1103 229 0 0 0
1104 225 0 0 0
1104 226 0 0 0
1104 227 0 0 0
1104 228 0 0 0
1104 229 0 0 0
1105 225 0 0 0
1105 226 0 0 0
1105 227 0 0 0
1105 228 0 0 0
1105 229 0 0 0
1106 225 0 0 0
1106 226 0 0 0
1106 227 0 0 0
1106 228 0 0 0
1106 229 0 0 0
1107 225 0 0 0
1107 226 0 0 0
1107 227 0 0 0
1107 228 0 0 0
1107 229 0 0 0
1103 226 0 0 0
1103 227 0 0 0
1103 228 0 0 0
1103 229 0 0 0
1103 230 0 0 0
1104 226 0 0 0
1104 227 0 0 0
1104 228 0 0 0
1104 229 0 0 0
1104 230 0 0 0
1105 226 0 0 0
1105 227 0 0 0
1105 228 0 0 0
1105 229 0 0 0
1105 230 0 0 0
1106 226 0 0 0
1106 227 0 0 0
1106 228 0 0 0
1106 229 0 0 0
1106 230 0 0 0
1107 226 0 0 0
1107 227 0 0 0
1107 228 0 0 0
1107 229 0 0 0
1107 230 0 0 0
1103 227 0 0 0
1103 228 0 0 0
1103 229 0 0 0
1103 230 0 0 0
1103 231 0 0 0
1104 227 0 0 0
1104 228 0 0 0
1104 229 0 0 0
1104 230 0 0 0
1104 231 0 0 0
1105 227 0 0 0
1105 228 0 0 0
1105 229 0 0 0
1105 230 0 0 0
1105 231 0 0 0
1106 227 0 0 0
1106 228 0 0 0
1106 229 0 0 0
1106 230 0 0 0
1106 231 0 0 0
1107 227 0 0 0
1107 228 0 0 0
1107 229 0 0 0
1107 230 0 0 0
1107 231 0 0 0
1103 228 0 0 0
1103 229 0 0 0
1103 230 0 0 0
1103 231 0 0 0
1103 232 0 0 0
1104 228 0 0 0
1104 229 0 0 0
1104 230 0 0 0
1104 231 0 0 0
1104 232 0 0 0
1105 228 0 0 0
1105 229 0 0 0
1105 230 0 0 0
1105 231 0 0 0
1105 232 0 0 0
1106 228 0 0 0
1106 229 0 0 0
1106 230 0 0 0
1106 231 0 0 0
1106 232 0 0 0
1107 228 0 0 0
1107 229 0 0 0
1107 230 0 0 0
1107 231 0 0 0
1107 232 0 0 0
1102 228 0 0 0
1102 229 0 0 0
1102 230 0 0 0
1102 231 0 0 0
1102 232 0 0 0
1103 228 0 0 0
1103 229 0 0 0
1103 230 0 0 0
1103 231 0 0 0
1103 232 0 0 0
1104 228 0 0 0
1104 229 0 0 0
1104 230 0 0 0
1104 231 0 0 0
1104 232 0 0 0
1105 228 0 0 0
1105 229 0 0 0
1105 230 0 0 0
1105 231 0 0 0
1105 232 0 0 0
1106 228 0 0 0
1106 229 0 0 0
1106 230 0 0 0
1106 231 0 0 0
1106 232 0 0 0
1102 229 0 0 0
1102 230 0 0 0
1102 231 0 0 0
1102 232 0 0 0
1102 233 0 0 0
1103 229 0 0 0
1103 230 0 0 0
1103 231 0 0 0
1103 232 0 0 0
1103 233 0 0 0
1104 229 0 0 0
1104 230 0 0 0
1104 231 0 0 0
1104 232 0 0 0
1104 233 0 0 0
1105 229 0 0 0
1105 230 0 0 0
1105 231 0 0 0
1105 232 0 0 0
1105 233 0 0 0
1106 229 0 0 0
1106 230 0 0 0
1106 231 0 0 0
1106 232 0 0 0
1106 233 0 0 0
1102 231 0 0 0
1102 232 0 0 0
1102 233 0 0 0
1102 234 0 0 0
1102 235 0 0 0
1103 231 0 0 0
1103 232 0 0 0
1103 233 0 0 0
1103 234 0 0 0
1103 235 0 0 0
1104 231 0 0 0
1104 232 0 0 0
1104 233 0 0 0
1104 234 0 0 0
1104 235 0 0 0
1105 231 0 0 0
1105 232 0 0 0
1105 233 0 0 0
1105 234 0 0 0
1105 235 0 0 0
1106 231 0 0 0
1106 232 0 0 0
1106 233 0 0 0
1106 234 0 0 0
1106 235 0 0 0
1102 232 0 0 0
1102 233 0 0 0
1102 234 0 0 0
1102 235 0 0 0
1102 236 0 0 0
1103 232 0 0 0
1103 233 0 0 0
1103 234 0 0 0
1103 235 0 0 0
1103 236 0 0 0
1104 232 0 0 0
1104 233 0 0 0
1104 234 0 0 0
1104 235 0 0 0
1104 236 0 0 0
1105 232 0 0 0
1105 233 0 0 0
1105 234 0 0 0
1105 235 0 0 0
1105 236 0 0 0
1106 232 0 0 0
1106 233 0 0 0
1106 234 0 0 0
1106 235 0 0 0
1106 236 0 0 0
1102 233 0 0 0
1102 234 0 0 0
1102 235 0 0 0
1102 236 0 0 0
1102 237 0 0 0
1103 233 0 0 0
1103 234 0 0 0
1103 235 0 0 0
1103 236 0 0 0
1103 237 0 0 0
1104 233 0 0 0
1104 234 0 0 0
1104 235 0 0 0
1104 236 0 0 0
1104 237 0 0 0
1105 233 0 0 0
1105 234 0 0 0
1105 235 0 0 0
1105 236 0 0 0
1105 237 0 0 0
1106 233 0 0 0
1106 234 0 0 0
1106 235 0 0 0
1106 236 0 0 0
1106 237 0 0 0
1102 234 0 0 0
1102 235 0 0 0
1102 236 0 0 0
1102 237 0 0 0
1102 238 0 0 0
1103 234 0 0 0
1103 235 0 0 0
1103 236 0 0 0
1103 237 0 0 0
1103 238 0 0 0
1104 234 0 0 0
1104 235 0 0 0
1104 236 0 0 0
1104 237 0 0 0
1104 238 0 0 0
1105 234 0 0 0
1105 235 0 0 0
1105 236 0 0 0
1105 237 0 0 0
1105 238 0 0 0
1106 234 0 0 0
1106 235 0 0 0
1106 236 0 0 0
1106 237 0 0 0
1106 238 0 0 0
1101 235 0 0 0
1101 236 0 0 0
1101 237 0 0 0
1101 238 0 0 0
1101 239 0 0 0
1102 235 0 0 0
1102 236 0 0 0
1102 237 0 0 0
1102 238 0 0 0
1102 239 0 0 0
1103 235 0 0 0
1103 236 0 0 0
1103 237 0 0 0
1103 238 0 0 0
1103 239 0 0 0
1104 235 0 0 0
1104 236 0 0 0
1104 237 0 0 0
1104 238 0 0 0
1104 239 0 0 0
1105 235 0 0 0
1105 236 0 0 0
1105 237 0 0 0
1105 238 0 0 0
1105 239 0 0 0
1101 236 0 0 0
1101 237 0 0 0
1101 238 0 0 0
1101 239 0 0 0
1101 240 0 0 0
1102 236 0 0 0
1102 237 0 0 0
1102 238 0 0 0
1102 239 0 0 0
1102 240 0 0 0
1103 236 0 0 0
1103 237 0 0 0
1103 238 0 0 0
1103 239 0 0 0
1103 240 0 0 0
1104 236 0 0 0
1104 237 0 0 0
1104 238 0 0 0
1104 239 0 0 0
1104 240 0 0 0
1105 236 0 0 0
1105 237 0 0 0
1105 238 0 0 0
1105 239 0 0 0
1105 240 0 0 0
